%YAML:1.0
K1: !!opencv-matrix
   rows: 3
   cols: 3
   dt: d
   data: [ 6.0731969681938938e+02, 0., 4.9452415416943631e+02, 0.,
       6.0606966448783703e+02, 4.2163595134525735e+02, 0., 0., 1. ]
K2: !!opencv-matrix
   rows: 3
   cols: 3
   dt: d
   data: [ 6.0573091666733785e+02, 0., 4.6585118534505028e+02, 0.,
       6.0456845579071148e+02, 3.8415993231970731e+02, 0., 0., 1. ]
D1: [ -1.8238478367444678e-02, 3.8318795758780597e-02,
    -1.1119169491859419e-01, 9.1073233193206732e-02 ]
D2: [ -1.6069362349637583e-02, 6.0138152398295466e-02,
    -2.5797492395084320e-01, 2.8968569101425051e-01 ]
R: !!opencv-matrix
   rows: 3
   cols: 3
   dt: d
   data: [ 9.9997265730718776e-01, 2.6194005063396616e-03,
       -6.9154449595755707e-03, -2.6087366667396175e-03,
       9.9999539505160973e-01, 1.5506026501386813e-03,
       6.9194747636753410e-03, -1.5325196776538816e-03,
       9.9997488581085503e-01 ]
T: [ 1.0148840715818946e-01, 1.4978202651534897e-05,
    7.4781596176898030e-04 ]
R1: !!opencv-matrix
   rows: 3
   cols: 3
   dt: d
   data: [ 9.9999610063952904e-01, 2.7556179950305134e-03,
       4.5307306525817301e-04, -2.7559686823789243e-03,
       9.9999590182253795e-01, 7.7522561274726140e-04,
       -4.5093498283565190e-04, -7.7647124504182888e-04,
       9.9999959687494211e-01 ]
R2: !!opencv-matrix
   rows: 3
   cols: 3
   dt: d
   data: [ 9.9997284291866206e-01, 1.4758134752280232e-04,
       7.3682864300158319e-03, -1.4186458526879505e-04,
       9.9999968855646337e-01, -7.7637710927282665e-04,
       -7.3683987139906183e-03, 7.7531072623798823e-04,
       9.9997255242014982e-01 ]
P1: !!opencv-matrix
   rows: 3
   cols: 4
   dt: d
   data: [ 4.6385520029218821e+02, 0., 4.7794768904774827e+02, 0., 0.,
       4.6385520029218821e+02, 4.0331910007275451e+02, 0., 0., 0., 1.,
       0. ]
P2: !!opencv-matrix
   rows: 3
   cols: 4
   dt: d
   data: [ 4.6385520029218821e+02, 0., 4.7794768904774827e+02,
       4.7077203909152857e+01, 0., 4.6385520029218821e+02,
       4.0331910007275451e+02, 0., 0., 0., 1., 0. ]
Q: !!opencv-matrix
   rows: 4
   cols: 4
   dt: d
   data: [ 1., 0., 0., -4.7794768904774827e+02, 0., 1., 0.,
       -4.0331910007275451e+02, 0., 0., 0., 4.6385520029218821e+02, 0.,
       0., -9.8530745621025382e+00, 0. ]
